{
 "cells": [
  {
   "cell_type": "code",
   "execution_count": 1,
   "metadata": {},
   "outputs": [],
   "source": [
    "%load_ext autoreload\n",
    "%autoreload 2\n",
    "\n",
    "import matplotlib.pyplot as plt\n",
    "import networkx as nx\n",
    "import numpy as np\n",
    "import os\n",
    "import pickle\n",
    "import time\n",
    "from tqdm.notebook import tqdm\n",
    "\n",
    "import torch\n",
    "torch.set_default_tensor_type(torch.DoubleTensor)\n",
    "\n",
    "from spatial_scene_grammars.nodes import *\n",
    "from spatial_scene_grammars.rules import *\n",
    "from spatial_scene_grammars.scene_grammar import *\n",
    "from spatial_scene_grammars.visualization import *\n",
    "from spatial_scene_grammars_examples.table.grammar import *\n",
    "from spatial_scene_grammars.parsing import *\n",
    "from spatial_scene_grammars.sampling import *\n",
    "from spatial_scene_grammars.parameter_estimation import *\n",
    "from spatial_scene_grammars.dataset import *\n",
    "\n",
    "import meshcat\n",
    "import meshcat.geometry as meshcat_geom"
   ]
  },
  {
   "cell_type": "code",
   "execution_count": 2,
   "metadata": {},
   "outputs": [
    {
     "name": "stdout",
     "output_type": "stream",
     "text": [
      "You can open the visualizer by visiting the following URL:\n",
      "http://127.0.0.1:7005/static/\n",
      "Meshcat url:  http://127.0.0.1:7005/static/\n"
     ]
    },
    {
     "data": {
      "text/plain": [
       "'\\nfrom IPython.display import HTML\\nHTML(\"\"\"\\n    <div style=\"height: 400px; width: 100%; overflow-x: auto; overflow-y: hidden; resize: both\">\\n    <iframe src=\"{url}\" style=\"width: 100%; height: 100%; border: none\"></iframe>\\n</div>\\n\"\"\".format(url=meshcat_url))\\n'"
      ]
     },
     "execution_count": 2,
     "metadata": {},
     "output_type": "execute_result"
    }
   ],
   "source": [
    "if 'vis' not in globals():\n",
    "    vis = meshcat.Visualizer()\n",
    "vis.delete()\n",
    "base_url = \"http://127.0.0.1\"\n",
    "meshcat_url = base_url + \":\" + vis.url().split(\":\")[-1]\n",
    "print(\"Meshcat url: \", meshcat_url)\n",
    "'''\n",
    "from IPython.display import HTML\n",
    "HTML(\"\"\"\n",
    "    <div style=\"height: 400px; width: 100%; overflow-x: auto; overflow-y: hidden; resize: both\">\n",
    "    <iframe src=\"{url}\" style=\"width: 100%; height: 100%; border: none\"></iframe>\n",
    "</div>\n",
    "\"\"\".format(url=meshcat_url))\n",
    "'''"
   ]
  },
  {
   "cell_type": "code",
   "execution_count": 3,
   "metadata": {},
   "outputs": [
    {
     "name": "stderr",
     "output_type": "stream",
     "text": [
      "WARNING:root:Detaching BinghamDistribution parameters.\n",
      "WARNING:root:Prior over parameters of WorldFrameBinghamRotationRule are Deltas.\n"
     ]
    }
   ],
   "source": [
    "# Set up grammar\n",
    "grammar = SpatialSceneGrammar(\n",
    "    root_node_type = Table,\n",
    "    root_node_tf = drake_tf_to_torch_tf(RigidTransform(p=[0.0, 0., 0.8]))\n",
    ")"
   ]
  },
  {
   "cell_type": "code",
   "execution_count": 4,
   "metadata": {},
   "outputs": [
    {
     "name": "stdout",
     "output_type": "stream",
     "text": [
      "0 tensor(inf)\n",
      "1 tensor(3.)\n",
      "9 tensor(1.)\n",
      "51 tensor(1.)\n"
     ]
    },
    {
     "name": "stderr",
     "output_type": "stream",
     "text": [
      "[2022-01-24 16:55:59.656] [console] [warning] FindResource ignoring DRAKE_RESOURCE_ROOT='/home/gizatt/drake' because it does not contain a 'drake' subdirectory.\n"
     ]
    },
    {
     "name": "stdout",
     "output_type": "stream",
     "text": [
      "Initial trace log prob:  tensor(-4080.4869)\n",
      "Connecting to meshcat-server at zmq_url=tcp://127.0.0.1:6005...\n",
      "You can open the visualizer by visiting the following URL:\n",
      "http://127.0.0.1:7005/static/\n",
      "Connected to meshcat-server.\n"
     ]
    },
    {
     "name": "stderr",
     "output_type": "stream",
     "text": [
      "Warmup:   0%|          | 0/75 [00:00, ?it/s]WARNING:root:NormalizeWithPseudoInverse LogAbsDet is super sketchy\n",
      "Sample: 100%|██████████| 75/75 [02:04,  1.66s/it, step size=9.69e-02, acc. prob=0.286]\n"
     ]
    }
   ],
   "source": [
    "# Constraints\n",
    "constraints = [\n",
    "    ObjectsOnTableConstraint(),\n",
    "    ObjectSpacingConstraint(),\n",
    "    TallStackConstraint()\n",
    "]\n",
    "\n",
    "# Sample a tree that satisfies the discrete constraints\n",
    "max_attempts = 1000\n",
    "tree, success = rejection_sample_under_constraints(\n",
    "    grammar, [c for c in constraints if isinstance(c, StructureConstraint)],\n",
    "    max_num_attempts=max_attempts, detach=True\n",
    ")\n",
    "if not success:\n",
    "    logging.error(\"Didn't sample a good tree in %d attempts.\" % max_attempts)\n",
    "hmc_tree = deepcopy(tree)\n",
    "samples = do_fixed_structure_hmc_with_constraint_penalties(\n",
    "    grammar, hmc_tree, num_samples=50, subsample_step=5,\n",
    "    with_nonpenetration=False, zmq_url=vis.window.zmq_url,\n",
    "    constraints=constraints,\n",
    "    kernel_type=\"NUTS\", max_tree_depth=6, target_accept_prob=0.8, step_size=1E-2, adapt_step_size=True,\n",
    "    #kernel_type=\"HMC\", num_steps=1, step_size=1E-4, adapt_step_size=False # Langevin-ish\n",
    ")"
   ]
  },
  {
   "cell_type": "code",
   "execution_count": 37,
   "metadata": {},
   "outputs": [],
   "source": [
    "k=0\n",
    "draw_scene_tree_contents_meshcat(samples[-k], zmq_url=vis.window.zmq_url,  prefix=\"hmc_samples/%d/contents\" % k)\n",
    "draw_scene_tree_structure_meshcat(samples[-k], zmq_url=vis.window.zmq_url,  prefix=\"hmc_samples/%d/structure\" % k)"
   ]
  },
  {
   "cell_type": "code",
   "execution_count": 38,
   "metadata": {},
   "outputs": [],
   "source": [
    "# Do final projeciton pass\n",
    "final_tree = project_tree_to_feasibility(samples[-k], do_forward_sim=True, timestep=0.001, T=1.)\n",
    "draw_scene_tree_contents_meshcat(samples[-k], zmq_url=vis.window.zmq_url,  prefix=\"final_sample/contents\")\n",
    "draw_scene_tree_structure_meshcat(samples[-k], zmq_url=vis.window.zmq_url,  prefix=\"final_sample/structure\")"
   ]
  },
  {
   "cell_type": "code",
   "execution_count": 39,
   "metadata": {},
   "outputs": [],
   "source": [
    "# Save that scene out for use in another notebook\n",
    "with open(\"example_feasible_sampled_scene.pickle\", \"wb\") as f:\n",
    "    pickle.dump(final_tree, f)"
   ]
  },
  {
   "cell_type": "code",
   "execution_count": null,
   "metadata": {},
   "outputs": [],
   "source": []
  },
  {
   "cell_type": "markdown",
   "metadata": {},
   "source": [
    "# Random single scene parsing test"
   ]
  },
  {
   "cell_type": "code",
   "execution_count": 40,
   "metadata": {},
   "outputs": [
    {
     "name": "stdout",
     "output_type": "stream",
     "text": [
      "Ground truth tree score:  tensor([-82.7861])\n"
     ]
    }
   ],
   "source": [
    "print(\"Ground truth tree score: \", tree.score())"
   ]
  },
  {
   "cell_type": "code",
   "execution_count": 41,
   "metadata": {},
   "outputs": [
    {
     "name": "stdout",
     "output_type": "stream",
     "text": [
      "Supertree size  88\n",
      "12 top-down candidates.\n",
      "24 bottom-up candidates.\n",
      "Post final pruning:  36\n",
      "Optimization success?:  True\n",
      "Logfile: \n",
      "\n",
      "Gurobi 9.0.2 (linux64) logging started Mon Jan 17 20:47:17 2022\n",
      "\n",
      "Gurobi Optimizer version 9.0.2 build v9.0.2rc0 (linux64)\n",
      "Optimize a model with 1206 rows, 843 columns and 3838 nonzeros\n",
      "Model fingerprint: 0xb721da2b\n",
      "Variable types: 0 continuous, 843 integer (843 binary)\n",
      "Coefficient statistics:\n",
      "  Matrix range     [2e-02, 1e+00]\n",
      "  Objective range  [7e-01, 5e+02]\n",
      "  Bounds range     [1e+00, 1e+00]\n",
      "  RHS range        [3e-02, 1e+00]\n",
      "Presolve removed 1185 rows and 803 columns\n",
      "Presolve time: 0.01s\n",
      "Presolved: 21 rows, 40 columns, 77 nonzeros\n",
      "Variable types: 0 continuous, 40 integer (40 binary)\n",
      "Found heuristic solution: objective 82.7861243\n",
      "\n",
      "Root relaxation: objective 8.278612e+01, 4 iterations, 0.00 seconds\n",
      "\n",
      "    Nodes    |    Current Node    |     Objective Bounds      |     Work\n",
      " Expl Unexpl |  Obj  Depth IntInf | Incumbent    BestBd   Gap | It/Node Time\n",
      "\n",
      "     0     0          -    0        82.78612   82.78612  0.00%     -    0s\n",
      "\n",
      "Optimal solution found at node 0 - now completing solution pool...\n",
      "\n",
      "    Nodes    |    Current Node    |      Pool Obj. Bounds     |     Work\n",
      "             |                    |   Worst                   |\n",
      " Expl Unexpl |  Obj  Depth IntInf | Incumbent    BestBd   Gap | It/Node Time\n",
      "\n",
      "     0     0          -    0               -   82.78612      -     -    0s\n",
      "     0     0          -    0               -   82.78612      -     -    0s\n",
      "     0     2          -    0               -   82.78612      -     -    0s\n",
      "\n",
      "Explored 78 nodes (41 simplex iterations) in 0.01 seconds\n",
      "Thread count was 12 (of 12 available processors)\n",
      "\n",
      "Solution count 4: 82.7861 154.69 174.783 199.043 \n",
      "No other solutions better than 199.043\n",
      "\n",
      "Optimal solution found (tolerance 1.00e-03)\n",
      "Best objective 8.278612432326e+01, best bound 8.278612432326e+01, gap 0.0000%\n",
      "\n",
      "Building tree for sol 0...\n",
      "Node <spatial_scene_grammars_examples.table.grammar.Table object at 0x7f16248f2eb8> getting tf tensor([[1.0000, 0.0000, 0.0000, 0.0000],\n",
      "        [0.0000, 1.0000, 0.0000, 0.0000],\n",
      "        [0.0000, 0.0000, 1.0000, 0.8000],\n",
      "        [0.0000, 0.0000, 0.0000, 1.0000]])\n",
      "Node <spatial_scene_grammars_examples.table.grammar.PlaceSettings object at 0x7f16242460f0> getting tf tensor([[1.0000, 0.0000, 0.0000, 0.0000],\n",
      "        [0.0000, 1.0000, 0.0000, 0.0000],\n",
      "        [0.0000, 0.0000, 1.0000, 0.8250],\n",
      "        [0.0000, 0.0000, 0.0000, 1.0000]])\n",
      "Added Table_1791--(0)>PlaceSettings_1766\n",
      "Node <spatial_scene_grammars_examples.table.grammar.SharedStuff object at 0x7f1624246e10> getting tf tensor([[1.0000, 0.0000, 0.0000, 0.0000],\n",
      "        [0.0000, 1.0000, 0.0000, 0.0000],\n",
      "        [0.0000, 0.0000, 1.0000, 0.8250],\n",
      "        [0.0000, 0.0000, 0.0000, 1.0000]])\n",
      "Added Table_1791--(1)>SharedStuff_1766\n",
      "Node <spatial_scene_grammars_examples.table.grammar.PlaceSetting object at 0x7f16242464e0> getting tf tensor([[ 1.0000,  0.0000,  0.0000, -0.5000],\n",
      "        [ 0.0000,  1.0000,  0.0000,  0.0000],\n",
      "        [ 0.0000,  0.0000,  1.0000,  0.8250],\n",
      "        [ 0.0000,  0.0000,  0.0000,  1.0000]])\n",
      "Added PlaceSettings_1766--(0)>PlaceSetting_2117\n",
      "Node <spatial_scene_grammars_examples.table.grammar.PlaceSetting object at 0x7f1624848390> getting tf tensor([[-1.0000e+00, -1.2246e-16,  0.0000e+00,  5.0000e-01],\n",
      "        [ 1.2246e-16, -1.0000e+00,  0.0000e+00,  0.0000e+00],\n",
      "        [ 0.0000e+00,  0.0000e+00,  1.0000e+00,  8.2500e-01],\n",
      "        [ 0.0000e+00,  0.0000e+00,  0.0000e+00,  1.0000e+00]])\n",
      "Added PlaceSettings_1766--(1)>PlaceSetting_2118\n",
      "Node <spatial_scene_grammars_examples.table.grammar.PlaceSetting object at 0x7f15a43a30f0> getting tf tensor([[ 6.1232e-17,  1.0000e+00,  0.0000e+00,  0.0000e+00],\n",
      "        [-1.0000e+00,  6.1232e-17,  0.0000e+00,  5.0000e-01],\n",
      "        [ 0.0000e+00,  0.0000e+00,  1.0000e+00,  8.2500e-01],\n",
      "        [ 0.0000e+00,  0.0000e+00,  0.0000e+00,  1.0000e+00]])\n",
      "Added PlaceSettings_1766--(2)>PlaceSetting_2119\n",
      "Node <spatial_scene_grammars_examples.table.grammar.PlaceSetting object at 0x7f15a43a3c18> getting tf tensor([[ 6.1232e-17, -1.0000e+00,  0.0000e+00,  0.0000e+00],\n",
      "        [ 1.0000e+00,  6.1232e-17,  0.0000e+00, -5.0000e-01],\n",
      "        [ 0.0000e+00,  0.0000e+00,  1.0000e+00,  8.2500e-01],\n",
      "        [ 0.0000e+00,  0.0000e+00,  0.0000e+00,  1.0000e+00]])\n",
      "Added PlaceSettings_1766--(3)>PlaceSetting_2120\n",
      "Node <spatial_scene_grammars_examples.table.grammar.SharedTeapots object at 0x7f15a43a39e8> getting tf tensor([[1.0000, 0.0000, 0.0000, 0.0000],\n",
      "        [0.0000, 1.0000, 0.0000, 0.0000],\n",
      "        [0.0000, 0.0000, 1.0000, 0.8250],\n",
      "        [0.0000, 0.0000, 0.0000, 1.0000]])\n",
      "Added SharedStuff_1766--(0)>SharedTeapots_1766\n",
      "Node <spatial_scene_grammars_examples.table.grammar.SharedDishes object at 0x7f15a43a35c0> getting tf tensor([[1.0000, 0.0000, 0.0000, 0.0000],\n",
      "        [0.0000, 1.0000, 0.0000, 0.0000],\n",
      "        [0.0000, 0.0000, 1.0000, 0.8250],\n",
      "        [0.0000, 0.0000, 0.0000, 1.0000]])\n",
      "Added SharedStuff_1766--(1)>SharedDishes_1766\n",
      "Node <spatial_scene_grammars_examples.table.grammar.SharedSteamers object at 0x7f16242670b8> getting tf tensor([[1.0000, 0.0000, 0.0000, 0.0000],\n",
      "        [0.0000, 1.0000, 0.0000, 0.0000],\n",
      "        [0.0000, 0.0000, 1.0000, 0.8250],\n",
      "        [0.0000, 0.0000, 0.0000, 1.0000]])\n",
      "Added SharedStuff_1766--(2)>SharedSteamers_1766\n",
      "Node <spatial_scene_grammars_examples.table.grammar.PersonalPlate object at 0x7f162488b588> getting tf tensor([[ 0.8506, -0.5258, -0.0012, -0.4718],\n",
      "        [ 0.5250,  0.8493,  0.0558, -0.0210],\n",
      "        [-0.0283, -0.0481,  0.9984,  0.7953],\n",
      "        [ 0.0000,  0.0000,  0.0000,  1.0000]])\n",
      "Added PlaceSetting_2117--(0)>PersonalPlate_2156\n",
      "Node <spatial_scene_grammars_examples.table.grammar.Teacup object at 0x7f162488b5f8> getting tf tensor([[-0.1324, -0.9911,  0.0105, -0.1901],\n",
      "        [ 0.9887, -0.1313,  0.0720, -0.0099],\n",
      "        [-0.0700,  0.0199,  0.9973,  0.8328],\n",
      "        [ 0.0000,  0.0000,  0.0000,  1.0000]])\n",
      "Added PlaceSetting_2117--(1)>Teacup_2217\n",
      "Node <spatial_scene_grammars_examples.table.grammar.Teacup object at 0x7f162488b240> getting tf tensor([[-0.4254, -0.9008,  0.0870,  0.2702],\n",
      "        [ 0.9042, -0.4272, -0.0019, -0.0168],\n",
      "        [ 0.0389,  0.0779,  0.9962,  0.8213],\n",
      "        [ 0.0000,  0.0000,  0.0000,  1.0000]])\n",
      "Added PlaceSetting_2118--(1)>Teacup_2218\n",
      "Node <spatial_scene_grammars_examples.table.grammar.PersonalPlate object at 0x7f162488b0f0> getting tf tensor([[-0.9498, -0.3014, -0.0844,  0.0171],\n",
      "        [ 0.3013, -0.9534,  0.0137,  0.4378],\n",
      "        [-0.0846, -0.0124,  0.9963,  0.8278],\n",
      "        [ 0.0000,  0.0000,  0.0000,  1.0000]])\n",
      "Added PlaceSetting_2119--(0)>PersonalPlate_2157\n",
      "Node <spatial_scene_grammars_examples.table.grammar.Teacup object at 0x7f162488bd68> getting tf tensor([[-0.7329, -0.6803,  0.0084, -0.0123],\n",
      "        [ 0.6802, -0.7325,  0.0267,  0.2589],\n",
      "        [-0.0120,  0.0252,  0.9996,  0.8176],\n",
      "        [ 0.0000,  0.0000,  0.0000,  1.0000]])\n",
      "Added PlaceSetting_2119--(1)>Teacup_2219\n",
      "Node <spatial_scene_grammars_examples.table.grammar.PersonalPlate object at 0x7f162488bd30> getting tf tensor([[-0.2768, -0.9599, -0.0442,  0.0576],\n",
      "        [ 0.9606, -0.2752, -0.0383, -0.5366],\n",
      "        [ 0.0246, -0.0531,  0.9983,  0.8325],\n",
      "        [ 0.0000,  0.0000,  0.0000,  1.0000]])\n",
      "Added PlaceSetting_2120--(0)>PersonalPlate_2158\n",
      "Node <spatial_scene_grammars_examples.table.grammar.Teacup object at 0x7f162488b048> getting tf tensor([[-0.9961,  0.0246, -0.0848, -0.0851],\n",
      "        [-0.0221, -0.9993, -0.0294, -0.2046],\n",
      "        [-0.0855, -0.0274,  0.9960,  0.8351],\n",
      "        [ 0.0000,  0.0000,  0.0000,  1.0000]])\n",
      "Added PlaceSetting_2120--(1)>Teacup_2220\n",
      "Node <spatial_scene_grammars_examples.table.grammar.Teapot object at 0x7f162488b278> getting tf tensor([[-0.9937,  0.0940, -0.0613,  0.0657],\n",
      "        [-0.0973, -0.9939,  0.0526,  0.2726],\n",
      "        [-0.0560,  0.0583,  0.9967,  0.8244],\n",
      "        [ 0.0000,  0.0000,  0.0000,  1.0000]])\n",
      "Added SharedTeapots_1766--(0)>Teapot_1872\n",
      "Node <spatial_scene_grammars_examples.table.grammar.ServingDish object at 0x7f162488b080> getting tf tensor([[-0.9238,  0.3829,  0.0059,  0.0865],\n",
      "        [-0.3822, -0.9227,  0.0501,  0.0173],\n",
      "        [ 0.0247,  0.0440,  0.9987,  0.8428],\n",
      "        [ 0.0000,  0.0000,  0.0000,  1.0000]])\n",
      "Added SharedDishes_1766--(0)>ServingDish_1872\n",
      "Node <spatial_scene_grammars_examples.table.grammar.SteamerBottom object at 0x7f162488b8d0> getting tf tensor([[ 0.9989,  0.0477,  0.0034, -0.2122],\n",
      "        [-0.0478,  0.9986,  0.0230,  0.1042],\n",
      "        [-0.0023, -0.0231,  0.9997,  0.8121],\n",
      "        [ 0.0000,  0.0000,  0.0000,  1.0000]])\n",
      "Added SharedSteamers_1766--(0)>SteamerBottom_3292\n",
      "Node <spatial_scene_grammars_examples.table.grammar.SteamerBottom object at 0x7f162488bc18> getting tf tensor([[ 8.4349e-01,  5.3568e-01, -3.9545e-02,  2.3123e-02],\n",
      "        [-5.3714e-01,  8.4126e-01, -6.1299e-02,  1.9116e-01],\n",
      "        [ 4.3083e-04,  7.2947e-02,  9.9734e-01,  8.3532e-01],\n",
      "        [ 0.0000e+00,  0.0000e+00,  0.0000e+00,  1.0000e+00]])\n",
      "Added SharedSteamers_1766--(1)>SteamerBottom_3293\n",
      "Node <spatial_scene_grammars_examples.table.grammar.SteamerBottom object at 0x7f162488be80> getting tf tensor([[ 0.9726,  0.2309, -0.0279,  0.0291],\n",
      "        [-0.2306,  0.9730,  0.0142, -0.0620],\n",
      "        [ 0.0304, -0.0073,  0.9995,  0.8236],\n",
      "        [ 0.0000,  0.0000,  0.0000,  1.0000]])\n",
      "Added SharedSteamers_1766--(2)>SteamerBottom_3294\n",
      "Node <spatial_scene_grammars_examples.table.grammar.SteamerTop object at 0x7f16242785f8> getting tf tensor([[-0.7165,  0.6976, -0.0020, -0.2008],\n",
      "        [-0.6971, -0.7159,  0.0387,  0.1200],\n",
      "        [ 0.0256,  0.0291,  0.9992,  0.9190],\n",
      "        [ 0.0000,  0.0000,  0.0000,  1.0000]])\n",
      "Added SteamerBottom_3292--(1)>SteamerTop_3047\n",
      "Node <spatial_scene_grammars_examples.table.grammar.SteamerTop object at 0x7f16242782b0> getting tf tensor([[ 0.8329,  0.5524, -0.0341,  0.0124],\n",
      "        [-0.5532,  0.8288, -0.0838,  0.1797],\n",
      "        [-0.0180,  0.0887,  0.9959,  0.9360],\n",
      "        [ 0.0000,  0.0000,  0.0000,  1.0000]])\n",
      "Added SteamerBottom_3293--(1)>SteamerTop_3048\n",
      "Node <spatial_scene_grammars_examples.table.grammar.SteamerTop object at 0x7f15a1f88c18> getting tf tensor([[ 0.4591,  0.8882, -0.0158,  0.0303],\n",
      "        [-0.8879,  0.4594,  0.0257, -0.0565],\n",
      "        [ 0.0301,  0.0022,  0.9995,  0.9253],\n",
      "        [ 0.0000,  0.0000,  0.0000,  1.0000]])\n",
      "Added SteamerBottom_3294--(1)>SteamerTop_3049\n",
      "Building tree for sol 1...\n",
      "Node <spatial_scene_grammars_examples.table.grammar.Table object at 0x7f16248f2eb8> getting tf tensor([[1.0000, 0.0000, 0.0000, 0.0000],\n",
      "        [0.0000, 1.0000, 0.0000, 0.0000],\n",
      "        [0.0000, 0.0000, 1.0000, 0.8000],\n",
      "        [0.0000, 0.0000, 0.0000, 1.0000]])\n",
      "Node <spatial_scene_grammars_examples.table.grammar.PlaceSettings object at 0x7f16242460f0> getting tf tensor([[1.0000, 0.0000, 0.0000, 0.0000],\n",
      "        [0.0000, 1.0000, 0.0000, 0.0000],\n",
      "        [0.0000, 0.0000, 1.0000, 0.8250],\n",
      "        [0.0000, 0.0000, 0.0000, 1.0000]])\n",
      "Added Table_1792--(0)>PlaceSettings_1767\n",
      "Node <spatial_scene_grammars_examples.table.grammar.SharedStuff object at 0x7f1624246e10> getting tf tensor([[1.0000, 0.0000, 0.0000, 0.0000],\n",
      "        [0.0000, 1.0000, 0.0000, 0.0000],\n",
      "        [0.0000, 0.0000, 1.0000, 0.8250],\n",
      "        [0.0000, 0.0000, 0.0000, 1.0000]])\n",
      "Added Table_1792--(1)>SharedStuff_1767\n",
      "Node <spatial_scene_grammars_examples.table.grammar.PlaceSetting object at 0x7f16242464e0> getting tf tensor([[ 1.0000,  0.0000,  0.0000, -0.5000],\n",
      "        [ 0.0000,  1.0000,  0.0000,  0.0000],\n",
      "        [ 0.0000,  0.0000,  1.0000,  0.8250],\n",
      "        [ 0.0000,  0.0000,  0.0000,  1.0000]])\n",
      "Added PlaceSettings_1767--(0)>PlaceSetting_2121\n",
      "Node <spatial_scene_grammars_examples.table.grammar.PlaceSetting object at 0x7f1624848390> getting tf tensor([[-1.0000e+00, -1.2246e-16,  0.0000e+00,  5.0000e-01],\n",
      "        [ 1.2246e-16, -1.0000e+00,  0.0000e+00,  0.0000e+00],\n",
      "        [ 0.0000e+00,  0.0000e+00,  1.0000e+00,  8.2500e-01],\n",
      "        [ 0.0000e+00,  0.0000e+00,  0.0000e+00,  1.0000e+00]])\n",
      "Added PlaceSettings_1767--(1)>PlaceSetting_2122\n",
      "Node <spatial_scene_grammars_examples.table.grammar.PlaceSetting object at 0x7f15a43a30f0> getting tf tensor([[ 6.1232e-17,  1.0000e+00,  0.0000e+00,  0.0000e+00],\n",
      "        [-1.0000e+00,  6.1232e-17,  0.0000e+00,  5.0000e-01],\n",
      "        [ 0.0000e+00,  0.0000e+00,  1.0000e+00,  8.2500e-01],\n",
      "        [ 0.0000e+00,  0.0000e+00,  0.0000e+00,  1.0000e+00]])\n",
      "Added PlaceSettings_1767--(2)>PlaceSetting_2123\n",
      "Node <spatial_scene_grammars_examples.table.grammar.PlaceSetting object at 0x7f15a43a3c18> getting tf tensor([[ 6.1232e-17, -1.0000e+00,  0.0000e+00,  0.0000e+00],\n",
      "        [ 1.0000e+00,  6.1232e-17,  0.0000e+00, -5.0000e-01],\n",
      "        [ 0.0000e+00,  0.0000e+00,  1.0000e+00,  8.2500e-01],\n",
      "        [ 0.0000e+00,  0.0000e+00,  0.0000e+00,  1.0000e+00]])\n",
      "Added PlaceSettings_1767--(3)>PlaceSetting_2124\n",
      "Node <spatial_scene_grammars_examples.table.grammar.SharedTeapots object at 0x7f15a43a39e8> getting tf tensor([[1.0000, 0.0000, 0.0000, 0.0000],\n",
      "        [0.0000, 1.0000, 0.0000, 0.0000],\n",
      "        [0.0000, 0.0000, 1.0000, 0.8250],\n",
      "        [0.0000, 0.0000, 0.0000, 1.0000]])\n",
      "Added SharedStuff_1767--(0)>SharedTeapots_1767\n",
      "Node <spatial_scene_grammars_examples.table.grammar.SharedDishes object at 0x7f15a43a35c0> getting tf tensor([[1.0000, 0.0000, 0.0000, 0.0000],\n",
      "        [0.0000, 1.0000, 0.0000, 0.0000],\n",
      "        [0.0000, 0.0000, 1.0000, 0.8250],\n",
      "        [0.0000, 0.0000, 0.0000, 1.0000]])\n",
      "Added SharedStuff_1767--(1)>SharedDishes_1767\n",
      "Node <spatial_scene_grammars_examples.table.grammar.SharedSteamers object at 0x7f16242670b8> getting tf tensor([[1.0000, 0.0000, 0.0000, 0.0000],\n",
      "        [0.0000, 1.0000, 0.0000, 0.0000],\n",
      "        [0.0000, 0.0000, 1.0000, 0.8250],\n",
      "        [0.0000, 0.0000, 0.0000, 1.0000]])\n",
      "Added SharedStuff_1767--(2)>SharedSteamers_1767\n",
      "Node <spatial_scene_grammars_examples.table.grammar.PersonalPlate object at 0x7f162488b588> getting tf tensor([[ 0.8506, -0.5258, -0.0012, -0.4718],\n",
      "        [ 0.5250,  0.8493,  0.0558, -0.0210],\n",
      "        [-0.0283, -0.0481,  0.9984,  0.7953],\n",
      "        [ 0.0000,  0.0000,  0.0000,  1.0000]])\n",
      "Added PlaceSetting_2121--(0)>PersonalPlate_2159\n",
      "Node <spatial_scene_grammars_examples.table.grammar.Teacup object at 0x7f162488b5f8> getting tf tensor([[-0.9961,  0.0246, -0.0848, -0.0851],\n",
      "        [-0.0221, -0.9993, -0.0294, -0.2046],\n",
      "        [-0.0855, -0.0274,  0.9960,  0.8351],\n",
      "        [ 0.0000,  0.0000,  0.0000,  1.0000]])\n",
      "Added PlaceSetting_2121--(1)>Teacup_2221\n",
      "Node <spatial_scene_grammars_examples.table.grammar.Teacup object at 0x7f162488b240> getting tf tensor([[-0.4254, -0.9008,  0.0870,  0.2702],\n",
      "        [ 0.9042, -0.4272, -0.0019, -0.0168],\n",
      "        [ 0.0389,  0.0779,  0.9962,  0.8213],\n",
      "        [ 0.0000,  0.0000,  0.0000,  1.0000]])\n",
      "Added PlaceSetting_2122--(1)>Teacup_2222\n",
      "Node <spatial_scene_grammars_examples.table.grammar.PersonalPlate object at 0x7f162488b0f0> getting tf tensor([[-0.9498, -0.3014, -0.0844,  0.0171],\n",
      "        [ 0.3013, -0.9534,  0.0137,  0.4378],\n",
      "        [-0.0846, -0.0124,  0.9963,  0.8278],\n",
      "        [ 0.0000,  0.0000,  0.0000,  1.0000]])\n",
      "Added PlaceSetting_2123--(0)>PersonalPlate_2160\n",
      "Node <spatial_scene_grammars_examples.table.grammar.Teacup object at 0x7f162488bd68> getting tf tensor([[-0.7329, -0.6803,  0.0084, -0.0123],\n",
      "        [ 0.6802, -0.7325,  0.0267,  0.2589],\n",
      "        [-0.0120,  0.0252,  0.9996,  0.8176],\n",
      "        [ 0.0000,  0.0000,  0.0000,  1.0000]])\n",
      "Added PlaceSetting_2123--(1)>Teacup_2223\n",
      "Node <spatial_scene_grammars_examples.table.grammar.PersonalPlate object at 0x7f162488bd30> getting tf tensor([[-0.2768, -0.9599, -0.0442,  0.0576],\n",
      "        [ 0.9606, -0.2752, -0.0383, -0.5366],\n",
      "        [ 0.0246, -0.0531,  0.9983,  0.8325],\n",
      "        [ 0.0000,  0.0000,  0.0000,  1.0000]])\n",
      "Added PlaceSetting_2124--(0)>PersonalPlate_2161\n",
      "Node <spatial_scene_grammars_examples.table.grammar.Teacup object at 0x7f162488b048> getting tf tensor([[-0.1324, -0.9911,  0.0105, -0.1901],\n",
      "        [ 0.9887, -0.1313,  0.0720, -0.0099],\n",
      "        [-0.0700,  0.0199,  0.9973,  0.8328],\n",
      "        [ 0.0000,  0.0000,  0.0000,  1.0000]])\n",
      "Added PlaceSetting_2124--(1)>Teacup_2224\n",
      "Node <spatial_scene_grammars_examples.table.grammar.Teapot object at 0x7f162488b278> getting tf tensor([[-0.9937,  0.0940, -0.0613,  0.0657],\n",
      "        [-0.0973, -0.9939,  0.0526,  0.2726],\n",
      "        [-0.0560,  0.0583,  0.9967,  0.8244],\n",
      "        [ 0.0000,  0.0000,  0.0000,  1.0000]])\n",
      "Added SharedTeapots_1767--(0)>Teapot_1873\n",
      "Node <spatial_scene_grammars_examples.table.grammar.ServingDish object at 0x7f162488b080> getting tf tensor([[-0.9238,  0.3829,  0.0059,  0.0865],\n",
      "        [-0.3822, -0.9227,  0.0501,  0.0173],\n",
      "        [ 0.0247,  0.0440,  0.9987,  0.8428],\n",
      "        [ 0.0000,  0.0000,  0.0000,  1.0000]])\n",
      "Added SharedDishes_1767--(0)>ServingDish_1873\n",
      "Node <spatial_scene_grammars_examples.table.grammar.SteamerBottom object at 0x7f162488b8d0> getting tf tensor([[ 0.9989,  0.0477,  0.0034, -0.2122],\n",
      "        [-0.0478,  0.9986,  0.0230,  0.1042],\n",
      "        [-0.0023, -0.0231,  0.9997,  0.8121],\n",
      "        [ 0.0000,  0.0000,  0.0000,  1.0000]])\n",
      "Added SharedSteamers_1767--(0)>SteamerBottom_3295\n",
      "Node <spatial_scene_grammars_examples.table.grammar.SteamerBottom object at 0x7f162488bc18> getting tf tensor([[ 8.4349e-01,  5.3568e-01, -3.9545e-02,  2.3123e-02],\n",
      "        [-5.3714e-01,  8.4126e-01, -6.1299e-02,  1.9116e-01],\n",
      "        [ 4.3083e-04,  7.2947e-02,  9.9734e-01,  8.3532e-01],\n",
      "        [ 0.0000e+00,  0.0000e+00,  0.0000e+00,  1.0000e+00]])\n",
      "Added SharedSteamers_1767--(1)>SteamerBottom_3296\n",
      "Node <spatial_scene_grammars_examples.table.grammar.SteamerBottom object at 0x7f162488be80> getting tf tensor([[ 0.9726,  0.2309, -0.0279,  0.0291],\n",
      "        [-0.2306,  0.9730,  0.0142, -0.0620],\n",
      "        [ 0.0304, -0.0073,  0.9995,  0.8236],\n",
      "        [ 0.0000,  0.0000,  0.0000,  1.0000]])\n",
      "Added SharedSteamers_1767--(2)>SteamerBottom_3297\n",
      "Node <spatial_scene_grammars_examples.table.grammar.SteamerTop object at 0x7f16242785f8> getting tf tensor([[-0.7165,  0.6976, -0.0020, -0.2008],\n",
      "        [-0.6971, -0.7159,  0.0387,  0.1200],\n",
      "        [ 0.0256,  0.0291,  0.9992,  0.9190],\n",
      "        [ 0.0000,  0.0000,  0.0000,  1.0000]])\n",
      "Added SteamerBottom_3295--(1)>SteamerTop_3050\n",
      "Node <spatial_scene_grammars_examples.table.grammar.SteamerTop object at 0x7f16242782b0> getting tf tensor([[ 0.8329,  0.5524, -0.0341,  0.0124],\n",
      "        [-0.5532,  0.8288, -0.0838,  0.1797],\n",
      "        [-0.0180,  0.0887,  0.9959,  0.9360],\n",
      "        [ 0.0000,  0.0000,  0.0000,  1.0000]])\n",
      "Added SteamerBottom_3296--(1)>SteamerTop_3051\n",
      "Node <spatial_scene_grammars_examples.table.grammar.SteamerTop object at 0x7f15a1f88c18> getting tf tensor([[ 0.4591,  0.8882, -0.0158,  0.0303],\n",
      "        [-0.8879,  0.4594,  0.0257, -0.0565],\n",
      "        [ 0.0301,  0.0022,  0.9995,  0.9253],\n",
      "        [ 0.0000,  0.0000,  0.0000,  1.0000]])\n",
      "Added SteamerBottom_3297--(1)>SteamerTop_3052\n",
      "Building tree for sol 2...\n",
      "Node <spatial_scene_grammars_examples.table.grammar.Table object at 0x7f16248f2eb8> getting tf tensor([[1.0000, 0.0000, 0.0000, 0.0000],\n",
      "        [0.0000, 1.0000, 0.0000, 0.0000],\n",
      "        [0.0000, 0.0000, 1.0000, 0.8000],\n",
      "        [0.0000, 0.0000, 0.0000, 1.0000]])\n",
      "Node <spatial_scene_grammars_examples.table.grammar.PlaceSettings object at 0x7f16242460f0> getting tf tensor([[1.0000, 0.0000, 0.0000, 0.0000],\n",
      "        [0.0000, 1.0000, 0.0000, 0.0000],\n",
      "        [0.0000, 0.0000, 1.0000, 0.8250],\n",
      "        [0.0000, 0.0000, 0.0000, 1.0000]])\n",
      "Added Table_1793--(0)>PlaceSettings_1768\n",
      "Node <spatial_scene_grammars_examples.table.grammar.SharedStuff object at 0x7f1624246e10> getting tf tensor([[1.0000, 0.0000, 0.0000, 0.0000],\n",
      "        [0.0000, 1.0000, 0.0000, 0.0000],\n",
      "        [0.0000, 0.0000, 1.0000, 0.8250],\n",
      "        [0.0000, 0.0000, 0.0000, 1.0000]])\n",
      "Added Table_1793--(1)>SharedStuff_1768\n",
      "Node <spatial_scene_grammars_examples.table.grammar.PlaceSetting object at 0x7f16242464e0> getting tf tensor([[ 1.0000,  0.0000,  0.0000, -0.5000],\n",
      "        [ 0.0000,  1.0000,  0.0000,  0.0000],\n",
      "        [ 0.0000,  0.0000,  1.0000,  0.8250],\n",
      "        [ 0.0000,  0.0000,  0.0000,  1.0000]])\n",
      "Added PlaceSettings_1768--(0)>PlaceSetting_2125\n",
      "Node <spatial_scene_grammars_examples.table.grammar.PlaceSetting object at 0x7f1624848390> getting tf tensor([[-1.0000e+00, -1.2246e-16,  0.0000e+00,  5.0000e-01],\n",
      "        [ 1.2246e-16, -1.0000e+00,  0.0000e+00,  0.0000e+00],\n",
      "        [ 0.0000e+00,  0.0000e+00,  1.0000e+00,  8.2500e-01],\n",
      "        [ 0.0000e+00,  0.0000e+00,  0.0000e+00,  1.0000e+00]])\n",
      "Added PlaceSettings_1768--(1)>PlaceSetting_2126\n",
      "Node <spatial_scene_grammars_examples.table.grammar.PlaceSetting object at 0x7f15a43a30f0> getting tf tensor([[ 6.1232e-17,  1.0000e+00,  0.0000e+00,  0.0000e+00],\n",
      "        [-1.0000e+00,  6.1232e-17,  0.0000e+00,  5.0000e-01],\n",
      "        [ 0.0000e+00,  0.0000e+00,  1.0000e+00,  8.2500e-01],\n",
      "        [ 0.0000e+00,  0.0000e+00,  0.0000e+00,  1.0000e+00]])\n",
      "Added PlaceSettings_1768--(2)>PlaceSetting_2127\n",
      "Node <spatial_scene_grammars_examples.table.grammar.PlaceSetting object at 0x7f15a43a3c18> getting tf tensor([[ 6.1232e-17, -1.0000e+00,  0.0000e+00,  0.0000e+00],\n",
      "        [ 1.0000e+00,  6.1232e-17,  0.0000e+00, -5.0000e-01],\n",
      "        [ 0.0000e+00,  0.0000e+00,  1.0000e+00,  8.2500e-01],\n",
      "        [ 0.0000e+00,  0.0000e+00,  0.0000e+00,  1.0000e+00]])\n",
      "Added PlaceSettings_1768--(3)>PlaceSetting_2128\n",
      "Node <spatial_scene_grammars_examples.table.grammar.SharedTeapots object at 0x7f15a43a39e8> getting tf tensor([[1.0000, 0.0000, 0.0000, 0.0000],\n",
      "        [0.0000, 1.0000, 0.0000, 0.0000],\n",
      "        [0.0000, 0.0000, 1.0000, 0.8250],\n",
      "        [0.0000, 0.0000, 0.0000, 1.0000]])\n",
      "Added SharedStuff_1768--(0)>SharedTeapots_1768\n",
      "Node <spatial_scene_grammars_examples.table.grammar.SharedDishes object at 0x7f15a43a35c0> getting tf tensor([[1.0000, 0.0000, 0.0000, 0.0000],\n",
      "        [0.0000, 1.0000, 0.0000, 0.0000],\n",
      "        [0.0000, 0.0000, 1.0000, 0.8250],\n",
      "        [0.0000, 0.0000, 0.0000, 1.0000]])\n",
      "Added SharedStuff_1768--(1)>SharedDishes_1768\n",
      "Node <spatial_scene_grammars_examples.table.grammar.SharedSteamers object at 0x7f16242670b8> getting tf tensor([[1.0000, 0.0000, 0.0000, 0.0000],\n",
      "        [0.0000, 1.0000, 0.0000, 0.0000],\n",
      "        [0.0000, 0.0000, 1.0000, 0.8250],\n",
      "        [0.0000, 0.0000, 0.0000, 1.0000]])\n",
      "Added SharedStuff_1768--(2)>SharedSteamers_1768\n",
      "Node <spatial_scene_grammars_examples.table.grammar.PersonalPlate object at 0x7f162488b588> getting tf tensor([[ 0.8506, -0.5258, -0.0012, -0.4718],\n",
      "        [ 0.5250,  0.8493,  0.0558, -0.0210],\n",
      "        [-0.0283, -0.0481,  0.9984,  0.7953],\n",
      "        [ 0.0000,  0.0000,  0.0000,  1.0000]])\n",
      "Added PlaceSetting_2125--(0)>PersonalPlate_2162\n",
      "Node <spatial_scene_grammars_examples.table.grammar.Teacup object at 0x7f162488b5f8> getting tf tensor([[-0.1324, -0.9911,  0.0105, -0.1901],\n",
      "        [ 0.9887, -0.1313,  0.0720, -0.0099],\n",
      "        [-0.0700,  0.0199,  0.9973,  0.8328],\n",
      "        [ 0.0000,  0.0000,  0.0000,  1.0000]])\n",
      "Added PlaceSetting_2125--(1)>Teacup_2225\n",
      "Node <spatial_scene_grammars_examples.table.grammar.Teacup object at 0x7f162488b240> getting tf tensor([[-0.4254, -0.9008,  0.0870,  0.2702],\n",
      "        [ 0.9042, -0.4272, -0.0019, -0.0168],\n",
      "        [ 0.0389,  0.0779,  0.9962,  0.8213],\n",
      "        [ 0.0000,  0.0000,  0.0000,  1.0000]])\n",
      "Added PlaceSetting_2126--(1)>Teacup_2226\n",
      "Node <spatial_scene_grammars_examples.table.grammar.PersonalPlate object at 0x7f162488b0f0> getting tf tensor([[-0.9498, -0.3014, -0.0844,  0.0171],\n",
      "        [ 0.3013, -0.9534,  0.0137,  0.4378],\n",
      "        [-0.0846, -0.0124,  0.9963,  0.8278],\n",
      "        [ 0.0000,  0.0000,  0.0000,  1.0000]])\n",
      "Added PlaceSetting_2127--(0)>PersonalPlate_2163\n",
      "Node <spatial_scene_grammars_examples.table.grammar.Teacup object at 0x7f162488bd68> getting tf tensor([[-0.9961,  0.0246, -0.0848, -0.0851],\n",
      "        [-0.0221, -0.9993, -0.0294, -0.2046],\n",
      "        [-0.0855, -0.0274,  0.9960,  0.8351],\n",
      "        [ 0.0000,  0.0000,  0.0000,  1.0000]])\n",
      "Added PlaceSetting_2127--(1)>Teacup_2227\n",
      "Node <spatial_scene_grammars_examples.table.grammar.PersonalPlate object at 0x7f162488bd30> getting tf tensor([[-0.2768, -0.9599, -0.0442,  0.0576],\n",
      "        [ 0.9606, -0.2752, -0.0383, -0.5366],\n",
      "        [ 0.0246, -0.0531,  0.9983,  0.8325],\n",
      "        [ 0.0000,  0.0000,  0.0000,  1.0000]])\n",
      "Added PlaceSetting_2128--(0)>PersonalPlate_2164\n",
      "Node <spatial_scene_grammars_examples.table.grammar.Teacup object at 0x7f162488b048> getting tf tensor([[-0.7329, -0.6803,  0.0084, -0.0123],\n",
      "        [ 0.6802, -0.7325,  0.0267,  0.2589],\n",
      "        [-0.0120,  0.0252,  0.9996,  0.8176],\n",
      "        [ 0.0000,  0.0000,  0.0000,  1.0000]])\n",
      "Added PlaceSetting_2128--(1)>Teacup_2228\n",
      "Node <spatial_scene_grammars_examples.table.grammar.Teapot object at 0x7f162488b278> getting tf tensor([[-0.9937,  0.0940, -0.0613,  0.0657],\n",
      "        [-0.0973, -0.9939,  0.0526,  0.2726],\n",
      "        [-0.0560,  0.0583,  0.9967,  0.8244],\n",
      "        [ 0.0000,  0.0000,  0.0000,  1.0000]])\n",
      "Added SharedTeapots_1768--(0)>Teapot_1874\n",
      "Node <spatial_scene_grammars_examples.table.grammar.ServingDish object at 0x7f162488b080> getting tf tensor([[-0.9238,  0.3829,  0.0059,  0.0865],\n",
      "        [-0.3822, -0.9227,  0.0501,  0.0173],\n",
      "        [ 0.0247,  0.0440,  0.9987,  0.8428],\n",
      "        [ 0.0000,  0.0000,  0.0000,  1.0000]])\n",
      "Added SharedDishes_1768--(0)>ServingDish_1874\n",
      "Node <spatial_scene_grammars_examples.table.grammar.SteamerBottom object at 0x7f162488b8d0> getting tf tensor([[ 0.9989,  0.0477,  0.0034, -0.2122],\n",
      "        [-0.0478,  0.9986,  0.0230,  0.1042],\n",
      "        [-0.0023, -0.0231,  0.9997,  0.8121],\n",
      "        [ 0.0000,  0.0000,  0.0000,  1.0000]])\n",
      "Added SharedSteamers_1768--(0)>SteamerBottom_3298\n",
      "Node <spatial_scene_grammars_examples.table.grammar.SteamerBottom object at 0x7f162488bc18> getting tf tensor([[ 8.4349e-01,  5.3568e-01, -3.9545e-02,  2.3123e-02],\n",
      "        [-5.3714e-01,  8.4126e-01, -6.1299e-02,  1.9116e-01],\n",
      "        [ 4.3083e-04,  7.2947e-02,  9.9734e-01,  8.3532e-01],\n",
      "        [ 0.0000e+00,  0.0000e+00,  0.0000e+00,  1.0000e+00]])\n",
      "Added SharedSteamers_1768--(1)>SteamerBottom_3299\n",
      "Node <spatial_scene_grammars_examples.table.grammar.SteamerBottom object at 0x7f162488be80> getting tf tensor([[ 0.9726,  0.2309, -0.0279,  0.0291],\n",
      "        [-0.2306,  0.9730,  0.0142, -0.0620],\n",
      "        [ 0.0304, -0.0073,  0.9995,  0.8236],\n",
      "        [ 0.0000,  0.0000,  0.0000,  1.0000]])\n",
      "Added SharedSteamers_1768--(2)>SteamerBottom_3300\n",
      "Node <spatial_scene_grammars_examples.table.grammar.SteamerTop object at 0x7f16242785f8> getting tf tensor([[-0.7165,  0.6976, -0.0020, -0.2008],\n",
      "        [-0.6971, -0.7159,  0.0387,  0.1200],\n",
      "        [ 0.0256,  0.0291,  0.9992,  0.9190],\n",
      "        [ 0.0000,  0.0000,  0.0000,  1.0000]])\n",
      "Added SteamerBottom_3298--(1)>SteamerTop_3053\n",
      "Node <spatial_scene_grammars_examples.table.grammar.SteamerTop object at 0x7f16242782b0> getting tf tensor([[ 0.8329,  0.5524, -0.0341,  0.0124],\n",
      "        [-0.5532,  0.8288, -0.0838,  0.1797],\n",
      "        [-0.0180,  0.0887,  0.9959,  0.9360],\n",
      "        [ 0.0000,  0.0000,  0.0000,  1.0000]])\n",
      "Added SteamerBottom_3299--(1)>SteamerTop_3054\n",
      "Node <spatial_scene_grammars_examples.table.grammar.SteamerTop object at 0x7f15a1f88c18> getting tf tensor([[ 0.4591,  0.8882, -0.0158,  0.0303],\n",
      "        [-0.8879,  0.4594,  0.0257, -0.0565],\n",
      "        [ 0.0301,  0.0022,  0.9995,  0.9253],\n",
      "        [ 0.0000,  0.0000,  0.0000,  1.0000]])\n",
      "Added SteamerBottom_3300--(1)>SteamerTop_3055\n",
      "Building tree for sol 3...\n"
     ]
    },
    {
     "name": "stdout",
     "output_type": "stream",
     "text": [
      "Node <spatial_scene_grammars_examples.table.grammar.Table object at 0x7f16248f2eb8> getting tf tensor([[1.0000, 0.0000, 0.0000, 0.0000],\n",
      "        [0.0000, 1.0000, 0.0000, 0.0000],\n",
      "        [0.0000, 0.0000, 1.0000, 0.8000],\n",
      "        [0.0000, 0.0000, 0.0000, 1.0000]])\n",
      "Node <spatial_scene_grammars_examples.table.grammar.PlaceSettings object at 0x7f16242460f0> getting tf tensor([[1.0000, 0.0000, 0.0000, 0.0000],\n",
      "        [0.0000, 1.0000, 0.0000, 0.0000],\n",
      "        [0.0000, 0.0000, 1.0000, 0.8250],\n",
      "        [0.0000, 0.0000, 0.0000, 1.0000]])\n",
      "Added Table_1794--(0)>PlaceSettings_1769\n",
